birthday:[417, 831, 857, 921, 1717, 2175, 2426, 2531, 3426, 3504, 3516, 3602, 3641, 3651, 3690, 3867, 5040, 5083, 5111, 5186, 5807, 6447, 6874, 6920, 6933, 7041, 8080, 8785, 8967, 8970, 10240, 10525, 10969, 11246, 11349, 11797, 12560, 12739, 12850, 12926, 13360, 13807, 15259, 16328, 17769, 17791, 17831, 18063, 18089, 18171, 18222, 19244]
dexter:[107, 135, 345, 354, 446, 449, 748, 1853, 1863, 2252, 2626, 2956, 3092, 3163, 3190, 3409, 3640, 4783, 4858, 4908, 5074, 5075, 5076, 5117, 6261, 6537, 6704, 6950, 7202, 7203, 7212, 7253, 7390, 7391, 7518, 7741, 8240, 8327, 8379, 8380, 9384, 9766, 10728, 10875, 10973, 11007, 11008, 11062, 11629, 11825, 12043, 12086, 12117, 12120, 12139, 12645, 12901, 13167, 13569, 13570, 13941, 14506, 14783, 14916, 14926, 14959, 14960, 15002, 15266, 15267, 16663, 17106, 18242, 18459, 18897, 19015, 19108, 19133, 19134, 19464]
dexter's:[279, 1897, 2824, 3046, 3454, 3461, 3905, 4646, 4945, 7236, 7346, 9438, 9651, 9736, 10002, 10709, 10814, 11381, 14277, 15707, 15731, 15767, 16381, 16704, 16753, 18735, 18823]
dexters:[1152, 1430, 2360, 3154, 4939, 5828, 6717, 7191, 7665, 7846, 8267, 8565, 10043, 10048, 10127, 10934, 11063, 11481, 11651, 12028, 12890, 13195, 13284, 14262, 14543, 14831, 15708, 15722]
freeman:[331, 907, 1460, 1907, 1908, 1909, 1912, 2785, 3069, 3760, 4577, 5106, 5125, 6142, 6228, 6842, 6842, 6842, 6842, 7914, 7915, 8516, 9378, 9441, 9660, 9928, 10481, 10629, 11312, 11335, 11377, 11593, 12796, 13581, 13764, 14751, 14795, 14901, 15134, 15215, 16110, 16680, 16953, 16966, 17289, 17469, 17471, 17582, 17633, 17634, 19188, 19552]
getting:[114, 1778, 2273, 5260, 5312, 6483, 8608, 9178, 9711, 10102, 10434, 11865, 12728, 13705, 14507, 14859, 14894, 14931, 16342, 16725, 17296]
happy:[700, 831, 857, 921, 1717, 2175, 2426, 2531, 3426, 3504, 3516, 3602, 3651, 3690, 3846, 3867, 4294, 5040, 5083, 5111, 5186, 5807, 6252, 6447, 6874, 6920, 6933, 7401, 8080, 8967, 8970, 10155, 10240, 10439, 10969, 11081, 11201, 11246, 11349, 11388, 11567, 11797, 12560, 12739, 12850, 12926, 13360, 13807, 16967, 17791, 17831, 18063, 18089, 18171, 18222, 19244]
laboratory:[1152, 1430, 1897, 2824, 4939, 7236, 7846, 9438, 10002, 10043, 10709, 10934, 11063, 11381, 11481, 13284, 14262, 14831, 15707, 15708, 15731, 18735, 18823]
morgan:[1, 65, 76, 148, 211, 249, 327, 329, 331, 333, 395, 438, 479, 548, 550, 588, 648, 653, 771, 792, 793, 799, 817, 826, 843, 862, 872, 887, 907, 921, 940, 1064, 1075, 1132, 1304, 1323, 1326, 1362, 1435, 1439, 1460, 1543, 1579, 1582, 1650, 1693, 1714, 1830, 1907, 1908, 1909, 1912, 2061, 2066, 2092, 2094, 2278, 2309, 2323, 2444, 2507, 2512, 2658, 2734, 2785, 2874, 2902, 2911, 2955, 2969, 2977, 3069, 3079, 3144, 3147, 3201, 3216, 3228, 3239, 3245, 3264, 3276, 3319, 3366, 3380, 3426, 3516, 3526, 3554, 3585, 3594, 3601, 3639, 3760, 3771, 3816, 3894, 3917, 3923, 3940, 3973, 4017, 4075, 4102, 4209, 4262, 4289, 4290, 4361, 4390, 4399, 4444, 4532, 4577, 4613, 4616, 4664, 4725, 4763, 4766, 4777, 4784, 4794, 4804, 4807, 4817, 4826, 4885, 4928, 4964, 5028, 5048, 5074, 5075, 5076, 5125, 5139, 5156, 5157, 5250, 5257, 5334, 5369, 5510, 5532, 5632, 5725, 5733, 5734, 5743, 5756, 5774, 5794, 5825, 5831, 5834, 5879, 6037, 6125, 6135, 6142, 6157, 6171, 6211, 6228, 6236, 6314, 6367, 6369, 6415, 6473, 6586, 6734, 6754, 6787, 6842, 6842, 6842, 6842, 6898, 6902, 6910, 7071, 7130, 7193, 7196, 7303, 7415, 7457, 7503, 7759, 7804, 7914, 7915, 8004, 8044, 8135, 8152, 8222, 8239, 8266, 8354, 8373, 8396, 8407, 8431, 8472, 8484, 8496, 8498, 8516, 8717, 8741, 8912, 8968, 8985, 9026, 9065, 9078, 9147, 9183, 9222, 9298, 9361, 9363, 9378, 9400, 9441, 9465, 9482, 9484, 9542, 9567, 9620, 9657, 9660, 9671, 9723, 9787, 9909, 9928, 9966, 10006, 10020, 10027, 10114, 10133, 10229, 10304, 10369, 10404, 10405, 10441, 10461, 10463, 10481, 10523, 10555, 10607, 10629, 10706, 10736, 10820, 10883, 10959, 10996, 11006, 11083, 11312, 11335, 11355, 11377, 11415, 11427, 11438, 11464, 11500, 11527, 11559, 11564, 11588, 11593, 11612, 11639, 11667, 11680, 11696, 11706, 11747, 11797, 11846, 11962, 12027, 12074, 12108, 12181, 12185, 12189, 12193, 12257, 12379, 12383, 12386, 12562, 12677, 12723, 12796, 12802, 12903, 12983, 13092, 13131, 13200, 13361, 13471, 13490, 13508, 13551, 13573, 13581, 13582, 13595, 13596, 13611, 13641, 13701, 13703, 13754, 13764, 13788, 13830, 13865, 13891, 13895, 13943, 13969, 13973, 14066, 14110, 14118, 14135, 14185, 14188, 14225, 14232, 14250, 14255, 14295, 14300, 14314, 14336, 14406, 14462, 14484, 14496, 14541, 14555, 14621, 14658, 14674, 14717, 14723, 14751, 14789, 14795, 14824, 14850, 14863, 14868, 14870, 14876, 14901, 15122, 15132, 15134, 15146, 15159, 15177, 15191, 15215, 15272, 15302, 15333, 15379, 15416, 15435, 15442, 15510, 15537, 15555, 15561, 15581, 15645, 15646, 15675, 15702, 15713, 15719, 15727, 15730, 15788, 15815, 15847, 15882, 15913, 15980, 16007, 16036, 16092, 16110, 16160, 16177, 16288, 16319, 16323, 16339, 16341, 16433, 16459, 16466, 16497, 16569, 16601, 16680, 16730, 16836, 16883, 16953, 16961, 16966, 17092, 17242, 17289, 17291, 17348, 17371, 17426, 17430, 17438, 17469, 17471, 17582, 17633, 17634, 17635, 17636, 17782, 17872, 17891, 17946, 17998, 18075, 18138, 18259, 18356, 18372, 18447, 18518, 18589, 18656, 18659, 18662, 18775, 18882, 18885, 18901, 18918, 19074, 19166, 19188, 19311, 19352, 19390, 19434, 19491, 19523, 19524, 19545, 19552]
morgan's:[92, 905, 1299, 2756, 3247, 3259, 3303, 3341, 3642, 3728, 5152, 5610, 5779, 5926, 7427, 7680, 7690, 8074, 8295, 8298, 8514, 8568, 8855, 8922, 10307, 10566, 10577, 10979, 11094, 12090, 12246, 12262, 12407, 12761, 14402, 15004, 15098, 15632, 16140, 16635, 16875, 18480, 18818, 19570]
piers:[2955, 2977, 3079, 4390, 4444, 5610, 5632, 5734, 6787, 6902, 8373, 8472, 9026, 9363, 9430, 9465, 9559, 9567, 9671, 10020, 12677, 13830, 13891, 16339]
watching:[680, 1467, 2824, 2957, 3154, 3344, 3526, 4075, 4179, 4182, 4202, 4261, 4486, 4555, 4934, 4945, 6379, 7236, 7477, 7518, 7846, 8327, 9438, 9736, 9766, 10147, 10723, 10814, 11206, 13795, 13891, 14262, 14506, 14954, 15002, 15134, 15485, 15708, 15781, 17332, 17595, 17779, 18459]
